score_time:	0.034440040588378906 0.028783082962036133 0.03148508071899414
test_score:	0.891317365269461 0.9216216216216216 0.8801801801801802
fit_time:	1.892469882965088 2.212761878967285 2.0220398902893066
