score_time:	0.12767505645751953 0.1280069351196289 0.12061595916748047
test_score:	0.9479041916167664 0.9717717717717718 0.945045045045045
fit_time:	214.1176278591156 211.5577220916748 223.0337209701538
