score_time:	0.36133718490600586 0.3709721565246582 0.3653380870819092
test_score:	0.9532934131736527 0.9753753753753753 0.9402402402402402
fit_time:	104.49279499053955 103.20306301116943 103.21970295906067
