score_time:	6.5749499797821045 6.605215072631836 6.334748029708862
test_score:	0.9772455089820359 0.9828828828828828 0.9480480480480481
fit_time:	443.5452501773834 429.9054720401764 423.4598970413208
