score_time:	6.556062936782837 7.004457950592041 6.650096893310547
test_score:	0.9763473053892215 0.9855855855855856 0.9432432432432433
fit_time:	430.19697093963623 417.3437571525574 412.3481459617615
