score_time:	0.014140129089355469 0.011346817016601562 0.010094165802001953
test_score:	0.9724550898203593 0.9801801801801802 0.9369369369369369
fit_time:	8.761518955230713 8.802082061767578 8.836400985717773
