score_time:	1.1583008766174316 1.1687769889831543 1.183380126953125
test_score:	0.9631736526946107 0.9753753753753753 0.948948948948949
fit_time:	31.21850299835205 31.113720893859863 31.474679946899414
