score_time:	6.388725996017456 6.466201066970825 5.907938003540039
test_score:	0.9547904191616766 0.9708708708708709 0.9141141141141141
fit_time:	11.270599126815796 11.629057884216309 10.877079010009766
